
##################################################################
### Terrain Categories
###
###

#Reorganised by Draiocht
#First flat lands, Farmland-Grassland-Dryland-Steppe
#Then normal types, Woods-Forest-Coastline-Marsh
#Then hilly types, Hills-Highlands-Mountains
#Then exotic types, Savannah-Jungle-Desert-Coastal Desert-Glacial
#Other unused types at the bottom, except pti, which I dont want to mess with because I have no idea what it is for
#Also organised modifers into Colour-Sound-Supply-Movement Cost-Development Cost-Allowed Buildings-ND Cost-Defense-Defensiveness

categories =  {
	pti = {
	}
	
	farmlands = {
		color = { 179 255 64 }
		type = plains
		sound_type = plains

		supply_limit = 10
		movement_cost = 1.10
		local_development_cost = -0.05
		allowed_num_of_buildings = 1
		nation_designer_cost_multiplier = 1.05

		terrain_override = {
			#Unaltered Vanilla
			104 109 108 1744 1865 45 44 1874 113 172 161 2998 160 125 506 507 510 522 523 524 532 540 555 556 558 561 563 2026 2044 2045 2047  
			2060 2063 2075 2095 115 117 118 121 1862 916 917 920 925 930 2532 584 600 153 1772 361 613 2380 2076 4510 4513 4496 4497 581 4638
			4384 177 180 1879 167 183 192 191 1877 200 2753 1868 68 77 70 65 78 1841 266 255 254 258 259 260 134 151 152 1767 1954 268 280 
			1876 98 234 235 238 243 4367 248 410 415 2310 408 236 186 90 92 88 182 12 14 6 289 2407 281 362 695 696 1816 2137 690 691 2138 
			2139 2140 685 1821 1822 2141 2142 2145 1838 2143 2144 684 2148 2149 2150 687 688 692 1836 2175 2176 671 672 682 683 2151 2172 
			679 665 667 2156 2157 2159 2163 700 2312 257 2033 148 358 64 2955 2957 43 2979 2980 2981 4194 4195 4196 4197 4212 4213 1020 1021 
			1028 1030 735 2745 4416 4415 4428 4476 4479 4489 4487 4490 581 4396 585 586 680 2146 224 214 201 7000 3037 7004
			
			#Beyond Typus
			373 3019 4371 171 4118 3043 2970 154 155 1864 3148 4126 4240 4239 4173 2405 3159 3160 4531 4532 3166 149 263 264 1944 3238 3239 
			3141 203 3089 4392 202 3085 179 4111 3064 3065 3071 4388 3073 1743 89 168 185 265 3297 4529 1939 4528 4526 3221 5138 5168 5157 
			2961 668 116 262 184 3075 237 4376 3009 873 872 5032 4142 4149 377 4271 1849 91 95 26 316 318 327 2297 2298 5135 870 4697 4693 
			4309 174 3041 5261 4316 4317 2316 5264 4375 5609 5605 973 5755 5805 4950 5795 5765 4951 5797 5799 5810 3309 3318 5856 3308
			5739 1177 5766 103 3295 1774 2978 1983 2976 2985 3039 2983 146 3177 106 107 7019 7014 3345 3346 3347 3348 3353 3355 3356 3362
			3363 3364 3365 3366 3371 3373 3232 3234 3240 3269 3324 3326 3331 3188 3032 5696 5698 5694 1024 5693 5689 5691 5690 5704
		}		
	}

	grasslands = {
		color = { 130 255 47 }
		type = plains
		sound_type = plains

		supply_limit = 8
		movement_cost = 1.0
		allowed_num_of_buildings = 1
		nation_designer_cost_multiplier = 1.

		terrain_override = {
			#Unaltered Vanilla
			2666 213 218 219 2386 593 2391 136 137 1747 229 1943 1942 131 516 517 526 539 543 552 549 562 572 1948 2046 2055 
			2057 2059 2061 2062 2081 2082 2084 2094 2101 772 773 778 905 2632 2848 2851 2852 703 704 726 2949 798 2948 1170 
			581 2399 2390 1953 155 896 2511 2850 71 79 1086 1859 263 1847 737 1013 1845 4227 4230 4359 4360 4394 1839 1825 
			730 2110 2113 42 5090 1017 1012 1019 1023 1818 2169 
			
			#Beyond Typus
			1982 3122 3123 2732 2542 2537 2539 603 612 4385 4369 764 1167 1168 883 4939 4377 341 4636 906
			4926 5033 4984 4120 342 343 2469 5211 251 3139 4174 2988 4550 1 239 1246 3304 3314 3316 3317 
			5600 3276 4253 5658 1956 307 4254 4147 1753 308 4074 4059 4036 4034 1168 4080 2598 5638 2986 
			2856 5360 3242 1933 3171 3175 3369 3286 5639
		}
	}
	
	drylands = {
		color = { 232 172 102 }
		type = plains
		sound_type = plains

		supply_limit = 7
		movement_cost = 1.00
		local_development_cost = 0.05
		allowed_num_of_buildings = 1
		nation_designer_cost_multiplier = 0.95

		terrain_override = {
			#Unaltered Vanilla
			411 454 442 441 1973 444 446 453 345 2473 1089 1091 382 1925 1749 221 1750 220 1748 2754 3300 4505 4411 4463
			225 504 505 519 528 541 569 2031 2051 2052 2053 2054 2065 2067 2072 521 751 752 753 790 799 2476 2668 2842 2854 2865 
			2868 2878 2883 2885 2915 2917 2922 750 2863 2764 2768 2798 754 755 786 2667 2846 2861 2912 2913 2921 1172 4509 2068
			2309 2356 2364 2209 412 430 2219 431 421 699 713 2122 2182 2184 4209 4628 425 2199 464 2208 4421 4454 4455 4456 4504
			4503 4437 4435 4411 4463 2124
			
			#Beyond Typus
			4547 4548 229 4340 428 1205 2776 2777 1088 2736 2726 2213 429 2228 445 2221 2236 2499 2666 2500 885 886 1967 457 
			2470 2214 440 344 359 2317 2311 409 2489 2020 4649 859 5063 882 2497 1110 348 2496 326 5137 5150 4314 5155 5165 5212 
			230 4318 5267 4320 2319 360 4319 5577 5578 5285 5293 5296 2453 2454 2504 356 399 5334 4060 4057 4058 4056 4048 4038 4039 
			5782 5762 5757 5017 2483 5751 5812 5756 5820 5844 5758 5348 1176 5349 1178 5347 5362 5384 5345 5832 
			7020 7037 5857 5018 5855 4961 5752 4629 3153 3082
		}
	}
	
	steppe = {
		color = { 147 200 83  }
		type = plains
		sound_type = plains

		supply_limit = 6
		movement_cost = 1.00
		local_development_cost = 0.20
		nation_designer_cost_multiplier = 0.9

		terrain_override = {
			#Unaltered Vanilla
			2195 463 2417 466 2367 470 472 2353 2369 2358 476 2354 479 2357 1966 2420 284 1974 2412 2413 286 2414 287 283 2406 282 
			304 303 2415 302 2409 291 2411 467 1081 473 2421 1971 288 468 2418 2419 474 2366 1965 1082 475 2441 2359 2360 
			478 2355 2416 1057 2434 1076 1075 1071 889 2009 2625 2672 892 779 780 781 2008 2510 2502 2860 2866 2869 2870 2875 
			2876 459 461 714 2118 2126 2368 717 721 722 723 724 725 728 1058 2109 2114 2115 2116 2185 2187 2188 469 2365  
			3243 3244 3247 3263 3264 3265 3266 3302 465 471 2351 2352 456 477 2361 4200 4202 4203 4218 4219 4220
			
			#Beyond Typus
			2423 890 891 2508 1969 898 901 903 2007 909 2004 2507 5034 5615 5616 5617 5627 5619 5618 5620 2501 5614 5629 5671
			4265 4266 4267 5672 5633 5634 5635 5786 5632 5785 2503 3261 
		}	
	}
	
	
	woods = {
		color = { 41 155 22 }
		type = forest
		sound_type = forest

		supply_limit = 6
		movement_cost = 1.10
		local_development_cost = 0.15
		nation_designer_cost_multiplier = 0.9
		defence = 1

		terrain_override = {
			#Unaltered Vanilla
			206 1851 240 129 968 970 62 58 1826 130 1861 141 918 919 939 940 944 946 947 948 963 987 988 2560 2639 1765 2750 
			895 933 934 937 941 943 954 955 958 956 965 967 989 2010 2528 2523 2524 2525 2526 2540 2541 2544 2545 2549 2670 1937 269 
			99 1834 37 273 271 272 770 275 771 311 1960 274 34 310 1752 1959 40 41 1938 256 175 173 194 195 178 187 181 
			1866 94 93 188 189 1880 72 69 1761 67 66 63 80 1760 83 81 1762 1742 1878 85 84 86 56 1758 82 53 1857 46 52 51 50 1759 47 1858 
			48 49 1763 60 61 59 57 296 297 1945 372 247 1863 3 2 1961 2749 1754 306 480 1065 2443 1062 1063 1060 
			2442 1056 2446 2551 2013 971 2566 2570 985 984 2569 2568 945 2521 2522 276 767 727 731 1049 1053 4554
			2102 2106 2964 2969 2971 2972 2973 2974 2975 2993 2995 2996 2997 3000 30 1014 1027 1819 1835 4181 4182 4184 4186 4189
			
			#Beyond Typus
			376 3005 4379 375 4372 3036 3166 3168 3169 1953 3146 3152 3083 196 3066 3069 3070 3092 4390 4389 3077 4387 3081 
			4112 3109 3050 3185 3187 3194 4555 3104 3120 3223 3226 4241 4537 4242 4545 4116 4148 3273 3279 3293 4381 3060 
			3061 3063 3197 3198 3199 3200 3201 3202 3203 3204 3205 3210 3211 3212 3213 3214 3215 3216 3217 3292 4119 5097 7 959 960 
			2561 1055 2742 942 2487 74 75 3209 2555 1093 994 4123 2585 2583 2584 2012 29 5038 5046 5047 5048 5051 5060 4163 4166 
			3128 317 2296 5156 5131 2739 1106 5642 5643 5645 5660 33 5653 4260 4261 5656 4250 294 5657 4248 4249 1778 301 5679 
			4255 300 3277 3290 4251 2408 5668 3268 5667 5666 5680 5664 5663 5662 4251 4243 3271 5661 3301 4264 2422 4117 5654 
			4245 5669 293 5651 5665 5681 5682 5683 5644 5646 295 4252 5659 5356 5357 5402 5403 5406 5427 5380 5381 5398 5171 5684 5685 
			150 159 2746 3315 4176 3236 3035 5686
		}
	}

	forest = {
		color = { 31 116 16 }
		type = forest
		sound_type = forest

		supply_limit = 2
		movement_cost = 1.30
		local_development_cost = 0.25
		nation_designer_cost_multiplier = 0.9
		defence = 2

		terrain_override = {
			#Unaltered Vanilla
			2 4 9 11 18 31 309 1955 996 997 2575 1054 1046 2572 2671 2517 2593 1026 4187
			
			#Beyond Typus
			32 19 4113 1776 3124 1985 17 2594 1073 2445 1067 2430 1061 2431 1059 2436 1045 2437 1039 2439 1034 1035 1036 1037 1038 4124 
			1069 1070 2440 1040 1041 1042 1043 1044 2438 2435 2125 1777 305 1972 1079 2427 1074 1852 1847 1047 1051 
			1052 4114 1033 1050 312 314 1009 1000 1003 2588 2591 991 1007 2015 1008 1010 910 1068 2428 2429 2433 1064 2432 1031 2581 992 
			16 2599 2600 2601 2595 2576 1001 1002 2589 2590 1962 1964 3281 4129 4122 313 1755 1957 3282 1083 1958 908 2016 2485  
			874 912 978 1813 1806 2481 871 1004 1810 2586 2587 2577 4924 4928 4929 4931 4978 4980 4983 4985 4986 4987 4989 5000 5001 
			5002 5003 5004 5005 5008 5009 5035 5031 4932 5036 5037 4973 5056 5057 5049 5055 995 986 4143 4152 4164 5070 
			5072 5073 5074 1812 5594 1011 5622 5625 5621 913 4926 2512 4256 4257 4258 4259 4262 4263 5626 5647 5648 5649 5650 5652 
			5655 5676 5677 4266 3280 5674 5722 5723 5724 5747 5748 5749 5759 5788 5802
		}                                      
	}

	coastline = {
		color = { 49 175 191 }
		sound_type = sea

		supply_limit = 6
		movement_cost = 1.0
		local_development_cost = 0.25
		allowed_num_of_buildings = 1
		nation_designer_cost_multiplier = 0.90

		terrain_override = {
			#Unaltered Vanilla
			2578 653 655 656 2699 2700 654 642 643 644 648 649 650 2713 2714 2716 2717 2725 487 492 497 498 499 500 501 502 1186
			1192 1195 1196 1197 1198 1199 1200 1202 1203 1204 2796 368 1098 1095 1103 1102 1100 1101 1999 1998 2679 2678 647 634 
			1994 1992 1986 1242 1989 1988 979 1240 491 333 3003 1015 4193 4349 4350 4351 4352 4353 4354 4355 4356 222 645 2741 788

			#Beyond Typus
			3184 3192 1773 2992 3179 635 25 35 2999 1099 2693 101 4920 4999 5013 5019 5039 4560 5096 4559 111
			4364 4974 5058 5059 1751 334 335 3121 5134 5139 5145 5161 5093 5077 4622 5558 401 402 4283 338 339 
			337 5321 354 2455 5317 1108 972 5735 5030 2021 5817 5818 5370 5371 5373 5375 1182 285 2447 3245 119
			4174 3042 137 5807 5781 3049 3182 2982  163 1764 3165 3164 7016 7043 3313 7051 7052 4940 5734 
			5780 5801 136 130 3011 4140 124 5697 5703 5701 5702
		}
	}
	
	marsh = {
		color = { 13 189 130 }
		type = marsh
		sound_type = forest

		supply_limit = 3
		movement_cost = 1.50
		local_development_cost = 0.25
		nation_designer_cost_multiplier = 0.85
		defence = 1

		terrain_override = {
			#Unaltered Vanilla
			1860 97 100 2857 2890 893 927 928 2534 2536 2516 749 758 775 777 1217 2259 2261 2286 2287 2759 277
			1031 2702 4386 4370

			#Beyond Typus
			3135 4141 926 2858 2803 2665 2529 2014 888 246 4368 4382 3058 96 999 1005 1006 2592 4922 4923 4925 4968 5290
			5289 1963 1077 4246 4244 5410 5411 5412 3163 112 114 7035 4299 7003
		}
	}
	
	hills = {
		color = { 113 176 151 }
		type = hills
		sound_type = mountain

		supply_limit = 2
		movement_cost = 1.65
		local_development_cost = 0.35
		nation_designer_cost_multiplier = 0.85
		defence = 2
		local_defensiveness = 0.15

		terrain_override = {
			#Unaltered Vanilla
			508 509 511 515 525 527 529 530 531 538 545 550 554 557 559 740 1947 1949 2027 2030 2032 2036 2037 2040 2043 2056 2058  
			2070 2071 2080 2089 2090 2092 2097 105 1844 1827 63 4414 4420 2083 4426 4427 4429 4430 4449 4485 4492 4483 4484 4491 
			837 839 841 844 847 849 851 854 899 911 966 981 2023 2515 2518 2557 2558 2562 2565 2567 2571 2579 2627 2638 2640 2642 
			2648 2653 2657 2660 931 935 949 951 961 964 969 2580 2011 2509 2527 2531 2548 2552 2553 2556 2563 2607 1117 1121 1016 
			2373 1022 1823 604 609 615 611 2382 608 2379 2606 193 102 198 196 242 140 1828 123 1934 4511 4453 4434 3359 3367
			669 670 681 686 1824 1829 1833 1840 2147 2152 2153 2158 2171 2173 2174 652 657 658 2697 2698 2701 2965 2977 4192 733
			2984 2991 3002 2694 2742 2744 4229 4231 1018 1025 1029 1820 1830 1832 1843 1852 4180 4183 4185 4188 4191 2069 4481
			2559 3299 4552 4646 4851 4572 1746 533 518 4462 4480 4465 4500 4459 4466 4467 4425 548 4692 4673 4717 
			
			#Beyond Typus
			3014 245 4366 3034 4362 4361 4380 3047 3172 3087 190 3142 144 3174 2989 232 2410 2424 4237 4378 374 4688 4686 3126
			3052 4238 1773 23 2564 2649 2862 784 2873 2573 980 1090 2734 1085 2738 420 2757 1218 2756 2758 2378 3372 3374 3079
			2807 2763 625 2614 858 1872 2604 2605 869 2477 868 5010 5011 5012 5014 5015 4943 4942 5041 4930 4921 4956 3099 5206
			4958 4988 4982 4981 4977 5053 5054 5050 5052 2582 990 993 982 4121 4556 228 4959 5065 5210 3352 3357 3368 3149 1107
			5218 20 24 4145 10 5 8 4144 370 4298 2313 5170 378 1855 379 381 3008 249 3181 319 322 325 328 330 1846 2299 2304 3248  
			4308 4311 5164 5152 4312 5163 4313 5167 197 212 2987 3090 4933 4934 4935 4937 5079 5592 5593 488 2658 2659 489 4619 
			486 2654 1216 2787 1227 3157 336 2462 2461 5318 5323 340 1882 5320 2459 5314 5315 5603 2738 5606 1109 5598 5607 5608 
			5604 2737 5610 2505 357 4065 4063 4040 403 5778 2022 2603 5744 5743 5754 4957 5631 5753 5750 5809 4634 1179 5340 5353 
			5760 5803 5763 5764 5045 5775 5800 4954 5792 5767 5811 5738 5794 5761 5804 5733 4945 5814 5813 5783 5350 5351 5352 
			5355 5358 5359 1180 5379 5376 5130 5172 1769 143 1853 4175 5091 127 5092 145 3178 3183 1247 3170 3001 5319 5563
			7034 7017 7018 3305 3306 3312 3311 3310 7046 4023 7048 4637 855 4573 5849 5851 5848 5847 3339 3343 3344 3274 3283
			3033 3013 4151 7001 5640 5641 5611 5700 5692 3307
		}
	}
	
	highlands = {
		color = { 176 129 21 }
		type = hills
		sound_type = mountain

		supply_limit = 4
		movement_cost = 1.40
		local_development_cost = 0.2
		nation_designer_cost_multiplier = 0.9
		defence = 1
		local_defensiveness = 0.1

		terrain_override = {
			#Unaltered Vanilla
			1968 520 536 542 544 578 2035 2077 2079 2085 2087 2093 850 852 853 2621 2622 2623 2626 2628 2629 2644 2646 2645 
			1224 162 2624 1171 1184 1185 1188 1211 1219 2274 2463 2465 2762 2766 2770 2771 2772 4398 588 4406 
			2950 2951 252 823 460 2755 1766 661 662 673 674 675 678 705 2131 4422 4464 4436 2401 
			2132 2133 2134 2135 2165 2167 2168 2170 2748 2183 2235 1318 2960 2968 4199 736 4228 3150
			
			#Beyond Typus
			4110 3137 3138 3143 4236 267 4557 3296 4551 2761 2791 1213 1223 1214 2769 2495 2643 2767 1210 2205 
			416 424 2207 458 863 2211 2212 2215 2490 4304 2206 875 878 1808 4962 4963 862 2492 2493 5229 380 5203 
			4975 4979 321 323 4307 329 418 1848 2990 4618 5565 383 5231 5232 384 2330 385 4277 5235 4282 386 391 
			2345 2344 2343 4287 5246 403 4280 1229 4321 5295 4295 4292 2308 5297 5324 5328 4562 5313 5327 5309 5310 
			1809 5330 400 5333 5249 2006 4067 4053 1167 4084 4082 4046 4050 4100 4103 2488 5745 4946 2019 5771 4953 
			5819 2506 5833 5838 4966 5822 2491 5823 877 5841 5843 5834 4631 5830 4630 5344 5361 5354 789 5372 5374 
			1181 5428 833 3342 3349 3350 7036 5125 7015 3298 7038 4029 7039 4030 7040 7041 7042 7044 7045 4575 4574 
			4300 4338 4581 3354 3360 3370 3155 3144 3129 5699 5688 5687 
		}
	}
	
	mountain = {
		color = { 105 24 4 }
		type = mountains
		sound_type = mountain

		supply_limit = 1
		movement_cost = 2.1
		local_development_cost = 0.45
		nation_designer_cost_multiplier = 0.85
		defence = 3
		local_defensiveness = 0.35
		local_build_time = 0.15
		local_build_cost = 0.2

		terrain_override = {
			#Unaltered Vanilla
			738 210	226 139 1831 138 158 1952 974 975 976 977 2480 2486 2609 2610 2612 2613 936 2154 2155 808 814 2825 452 2073 1273
			1078 1787 1788 120 1026 783 794 802 824 856 857 860 2617 2618 2813 2817 2824 2826 2871 2874 2395 2396 583 587 2877 
			2371 2381 785 204 199 1856 689 693 694 697 702 2136 2177 2178 2179 419 2128 2074 4481 4404 582 4653 4698 
			2180 2181 716 718 719 1066 2117 2189 2190 2125 2127 565 676 677 2074 2128 2129 2130 2103 1048 2104 2105 729 2186 1850 2107 
			2108 2111 2112 223 4198 4201 4205 4206 4210 4214 4215 4216 4217 4211 4222 732 734 2743 4232 4348 4601 4602

			#Beyond Typus
			4127 4128 3156 1951 3167 3084 4391 3088 4546 3193 3114 2197 2201 2202 2203 3262 4541 261 128 132 3328 3332 3145
			2444 2482 813 817 832 2818 2619 782 2872 422 462 2196 423 3253 2946 2835 2838 827 2227 211 413 2210 2003 2479 
			4941 4949 4927 4972 4965 5064 5066 2608 2464 2468 1780 22 3115 371 4297 5205 5094 331 332 2300 3320 3228 3186
			2301 2302 2303 2305 324 4310 5146 5147 5158 5151 5154 5162 4315 176 5078 5567 390 4281 5239 3118 2306 4301 2198
			5597 5601 1080 5331 5332 4296 4054 4044 4045 4936 5726 2611 5727 5728 5729 5730 5776 2018 5784 5741 5779 5740
			4947 5731 5732 5736 5737 5790 5808 5806 5746 5742 4960 5612 2484 5777 5793 5768 5796 5774 4944 5613 5798 5825 
			5846 5837 5836 5826 5827 5835 4634 880 879 4632 881 4948 5816 5824 2494 5630 5366 5341 3117 3048 110 1875 3351
			7021 7022 7023 7024 7025 7026 7027 7028 7029 7030 7032 7033 3319 4640 4641 4582 5850 2498 7031 3259 4305 7011 
			7010 3017 7002 5695
		}
	}

	savannah = {
		color = { 248 199 23  }
		sound_type = plains
	
		supply_limit = 6
		movement_cost = 1.00
		local_development_cost = 0.15
		nation_designer_cost_multiplier = 0.95	
		
		terrain_override = {
			#Unaltered Vanilla
			768 776 2805 2809 2810 2812 2814 2815 2855 2859 2879 2884 2887 2893 2895 2897 2908 2909 2910 2918 2923 2925 2926 2939 1116 
			1123 1131 1134 1135 1142 1148 1149 1155 1159 2237 2245 2263 2265 2270 2278 2279 2280 2283 2853 2888 2891 2892 2906 606 
			2907 2911 2919 2920 1136 1137 1150 1160 2240 2285 2267 1190 1191 1193 1194 2774 2775 2794 2266 2886 2924 1187 1189 2374 
			
			#Beyond Typus
			2243 2246 2260 2262 2264 2268 2269 1132 1133 2273 2276 1115 2244 1156 2282 2284 1157 1158 2288 2932 774 1221 2800 2802 
			2952 2881 834 1113 1112 1183 2882 2903 4621 484 485 2656 2655 4624 4623 5572 2801 1222 4033 1225
			2799 5287 1226 4075 4061 4041 4042 4076 4069 4070 4071 4072 4035 4092 4093 4094 4095 4106 4107 4108 4104 4102 
			5393 5394 5405 5363 5364 5367 5368 5369 5385 5413 5414 5415 5416 5417 5418 5419 5420 5421 5422 5423 2880 2864 1800 
			5382 5390 5400 5404 5401 5399 7050 4022 4031 4027 4032 4028 3321 3322
		}
	}

	jungle = {
		color = { 98 163 18 }
		type = jungle
		sound_type = jungle

		supply_limit = 3
		movement_cost = 2.0
		local_development_cost = 0.35
		nation_designer_cost_multiplier = 0.8
		defence = 1

		terrain_override = {
			#Unaltered Vanilla
			1237 1245 2703 746 838 2731 534 535 537 546 547 551 553 560 564 566 567 568 570 571 573 1946 1950 2028 2029 2034 2038 2042
			2048 2049 2050 2091 2098 2096 2099 2100 2039 743 745 748 826 835 840 846 2637 2664 2819 2927 2397 2398 579 2402 1815 590 
			2403 2400 589 602 1817 2389 2388 592 591 2404 843 1151 1792 616 2372 610 2377 756 759 757 765 2894 2896 2914 2929 1125 1138 
			1139 1162 1249 1118 660 663 664 666 2160 2161 2162 2164 2166 4583 2647 4598 848 2641 4407 4409 4410 4412 4433 4432 4431 4424
			4423 4438 4458 4468 4450 4441 4478 4472 4470 4469 4447 4440 4405 4406 7013 7012 3338 3340 3341

			#Beyond Typus
			1117 1121 2682 2730 2728 2729 2705 2709 2710 2830 2250 2253 1143 2720 2722 641 2651 2652 2916 766 2663 2905 2677 2394 2718 614
			607 605 769 2899 2898 760 761 828 831 836 845 2633 2634 2650 2256 1163 1164 1165 2900 2901 2902 800 803 2832 2833 4724 4683 4671
			2904 2834 815 818 822 2816 2928 2889 2930 2934 2935 2938 747 744 2937 742 2804 2290 2289 1147 1141 1140 2241 2944 1119 1126 2242 
			2252 2254 2255 2257 2258 2249 2248 1120 1122 1124 2238 2295 1144 1146 1145 1152 1153 1154 1161 2281 2293 2719 2721 2723 636 637 
			2704 638 639 640 2706 2707 2708 1114 2712 2239 2392 598 599 617 620 2676 2675 621 594 601 622 4620 490 4062 4064 4043 4077 4047 
			1170 798 2949 2948 4083 4091 4079 1166 4078 1169 1901 4081 4085 4806 4087 4088 4089 4090 4096 4097 4099 4105 4109 4068 4098 7047
			7053 4024 4021 7049 4025 4589 2630 4584 4586 4587 4578 4576 4580 4654 4471 4451 4448 4446 4445 4444 4439 4651 4696 623 4664
			4657 3323 3325 3327 3329 3330 3333 3334 3335 3336 3337
		}
	}	
	
	desert = {
		color = { 242 242 111 }
		type = desert
		sound_type = desert
	
		supply_limit = 0
		movement_cost = 1.40
		local_development_cost = 0.60
		nation_designer_cost_multiplier = 0.8
		
		terrain_override = {
			#Unaltered Vanilla
			503 2078 2088 512 513 514 2064 2066 2086 867 2844 350 355 2271 2272 2773 715 2119 2120 710 711 712 2121 2123 
			2191 2192 706 707 708 698 701 709 720 2193 2747 4204 4207 4208 4221 4223 4506 4502 4507 4508 3361 
			
			#Beyond Typus
			2466 2780 2784 2785 1207 1208 2778 2792 2779 2781 876 2363 2478 739 407 2314
			405 2458 351 349 346 4051 4055 4073 5815 5845 4967 5845 5395 5396 5397 
			1228 1231 1234 2322 2797 5277 5278 5279 5281 5284 5302 #Upper Nile
		}	
	}
	
	coastal_desert = {
		color = { 255 211 110 }
		type = desert
		sound_type = desert

		supply_limit = 1
		movement_cost = 1.20
		local_development_cost = 0.45
		nation_designer_cost_multiplier = 0.9
		
		terrain_override = {
			#Unaltered Vanilla
			1174 389 394 395 396 397 398 2329 2331 2333 2340 2341 2342 792 793 796 805 806 2821 2822 2840 2841 1212 
			1215 1230 1232 2315 2320 2321 2765 2786 2788 2789 1206 1209 2024 2790 2793 

			#Beyond Typus
			2324 2346 387 388 347 1111 2828 812 809 2826 2782 2783 2795 1175 364 365 2325 2326 353 355 2451 2452 865 866 
			2620 5043 2616 5061 5228 1854 5180 4268 363 4964 5233 4278 4279 5241 4286 5250 5251 4269 2327 5271 5272 5274 5282 5283 5288 
			5298 5311 5312 5387 5346 5426 5862 5861 5860 5859 4577
		}
	}
	
	glacier = {
		color = { 235 235 235 }
		sound_type = desert

		supply_limit = 0
		movement_cost = 2.0
		local_development_cost = 1.0
		nation_designer_cost_multiplier = 0.75
		defence = 1

		terrain_override = {
			#Unaltered Vanilla
			1104 1105 2129 2025 3111 3112 3113
			
			#Beyond Typus
			998 2574 4969 4970 4971 4976 4990 4991 4992 4993 4994 4995 4996 4997 4998 5006 5007 5067 5068 5069 5071 5075 5076 1811
			5588 5589 5590 5591 1805 5595 5596 5093 2425 3285 1072 5678 
		}
	}

	impassable_mountains = {
		color = { 128 128 128 }
		sound_type = desert
		movement_cost = 8.0
		defence = 6
		local_development_cost = 10
	}
	
	ocean = {
		color = { 255 255 255 }
		sound_type = sea
		movement_cost = 1.0
		is_water = yes
	}

	inland_ocean = {
		color = { 0 0 200 }
		sound_type = sea
		movement_cost = 1.0
		is_water = yes
		inland_sea = yes
	}
}
	
##################################################################
### Graphical terrain
###		type	=	refers to the terrain defined above, "terrain category"'s 
### 	color 	= 	index in bitmap color table (see terrain.bmp)
###

terrain = {
	grasslands			= { type = grasslands		color = { 	0	 } }
	hills				= { type = hills			color = { 	1	 } }
	desert_mountain		= { type = mountain			color = { 	2	 } }
	desert				= { type = desert			color = { 	3	 } }

	plains				= { type = grasslands		color = { 	4	 } }
	terrain_5			= { type = grasslands		color = { 	5	 } }
	mountain			= { type = mountain			color = { 	6	 } }
	desert_mountain_low	= { type = desert			color = { 	7	 } }

	terrain_8			= { type = hills			color = { 	8	 } }
	marsh				= { type = marsh			color = { 	9	 } }
	terrain_10			= { type = farmlands		color = { 	10	 } }
	terrain_11			= { type = farmlands		color = { 	11	 } }

	forest_12			= { type = forest			color = { 	12	 } }
	forest_13			= { type = forest			color = { 	13	 } }
	forest_14			= { type = forest			color = { 	14	 } }
	ocean				= { type = ocean			color = { 	15	 } }

	snow				= { type = mountain 		color = { 	16	 } } # (SPECIAL CASE) Used to identify permanent snow
	inland_ocean_17 	= { type = inland_ocean		color = {	17	 } }

	coastal_desert_18	= { type = coastal_desert	color = { 	19	 } }
	coastline			= { type = coastline		color = { 	35	 } }
	
	savannah			= { type = savannah 		color = {	20	 } }
	drylands			= { type = drylands			color = {	22	 } }
	highlands			= { type = highlands		color = {	23	 } }
	dry_highlands		= { type = highlands		color = {	24	 } }
	
	woods				= { type = woods			color = { 	255	 } }
	jungle				= { type = jungle			color = { 	254	 } }
	
	terrain_21			= { type = farmlands		color = { 	21	 } }	
}

##################################################################
### Tree terrain
###		terrain	=	refers to the terrain tag defined above
### 	color 	= 	index in bitmap color table (see tree.bmp)
###

tree = {
	forest				= { terrain = forest 			color = { 	3 4 6 7 19 20	} }
	woods				= { terrain = woods 			color = { 	2 5 8 18	} }
	jungle				= { terrain = jungle 			color = { 	13 14 15	} }
	palms				= { terrain = desert 			color = { 	12	} }
	savana				= { terrain = grasslands 		color = { 	27 28 29 30	} }
}